c1<-c(33,21,567,213,121,1)

c1[4]


c2<-c("AB","carry","Zack","Arpan","Key")

c2[5]


c3<-c("AB","carry","Zack","Arpan","Key",1,2,3,4,5,6)
c3[c(1,10,7)]