dec1<-1.5:5.5
dec1


dec2<-1.5:5.1
dec2