n1<-c(1,2,3,4,5)
n1