num<-1:15
num