vec1<-c(1,2,3,4,5,6)
vec2<-c(7,8,9,10,11,12)

a1<-array(c(vec1,vec2),dim=c(2,3,2))
a1

a1[]