a<-12
b<-30

a<b

b<a

c<-4
d<-4
c==d

